0.000000000000000000e+00
0.000000000000000000e+00
2.000200020001999984e-09
4.000400040003999968e-09
6.000600060006000366e-09
8.000800080007999937e-09
1.000100010001000033e-08
1.200120012001200073e-08
1.400140014001400113e-08
1.600160016001599987e-08
1.800180018001800027e-08
2.000200020002000067e-08
2.200220022002200107e-08
2.400240024002400146e-08
2.600260026002600186e-08
2.800280028002800226e-08
3.000300030003000266e-08
3.200320032003199975e-08
3.400340034003400345e-08
3.600360036003600054e-08
3.800380038003800425e-08
4.000400040004000134e-08
4.200420042004200504e-08
4.400440044004400213e-08
4.600460046004599922e-08
4.800480048004800293e-08
5.000500050005000002e-08
5.200520052005200372e-08
5.400540054005400081e-08
5.600560056005600452e-08
5.800580058005800161e-08
6.000600060006000531e-08
6.200620062006200240e-08
6.400640064006399949e-08
6.600660066006599658e-08
6.800680068006800691e-08
7.000700070007000399e-08
7.200720072007200108e-08
7.400740074007399817e-08
7.600760076007600850e-08
7.800780078007800559e-08
8.000800080008000267e-08
8.200820082008199976e-08
8.400840084008401009e-08
8.600860086008600718e-08
8.800880088008800427e-08
9.000900090009000135e-08
9.200920092009199844e-08
9.400940094009400877e-08
9.600960096009600586e-08
9.800980098009800294e-08
1.000100010001000000e-07
1.020102010201020104e-07
1.040104010401040074e-07
1.060106010601060045e-07
1.080108010801080016e-07
1.100110011001099987e-07
1.120112011201120090e-07
1.140114011401140061e-07
1.160116011601160032e-07
1.180118011801180003e-07
1.200120012001200106e-07
1.220122012201220077e-07
1.240124012401240048e-07
1.260126012601260019e-07
1.280128012801279990e-07
1.300130013001299961e-07
1.320132013201319932e-07
1.340134013401340167e-07
1.360136013601360138e-07
1.380138013801380109e-07
1.400140014001400080e-07
1.420142014201420051e-07
1.440144014401440022e-07
1.460146014601459993e-07
1.480148014801479963e-07
1.500150015001499934e-07
1.520152015201520170e-07
1.540154015401540141e-07
1.560156015601560112e-07
1.580158015801580083e-07
1.600160016001600053e-07
1.620162016201620024e-07
1.640164016401639995e-07
1.660166016601659966e-07
1.680168016801680202e-07
1.700170017001700173e-07
1.720172017201720144e-07
1.740174017401740114e-07
1.760176017601760085e-07
1.780178017801780056e-07
1.800180018001800027e-07
1.820182018201819998e-07
1.840184018401839969e-07
1.860186018601860204e-07
1.880188018801880175e-07
1.900190019001900146e-07
1.920192019201920117e-07
1.940194019401940088e-07
1.960196019601960059e-07
1.980198019801980030e-07
2.000200020002000001e-07
2.020202020202019972e-07
2.040204020402040207e-07
2.060206020602060178e-07
2.080208020802080149e-07
2.100210021002100120e-07
2.120212021202120091e-07
2.140214021402140062e-07
2.160216021602160032e-07
2.180218021802180003e-07
2.200220022002199974e-07
2.220222022202220210e-07
2.240224022402240181e-07
2.260226022602260152e-07
2.280228022802280123e-07
2.300230023002300093e-07
2.320232023202320064e-07
2.340234023402340035e-07
2.360236023602360006e-07
2.380238023802379977e-07
2.400240024002400213e-07
2.420242024202419919e-07
2.440244024402440154e-07
2.460246024602459861e-07
2.480248024802480096e-07
2.500250025002500332e-07
2.520252025202520038e-07
2.540254025402540274e-07
2.560256025602559980e-07
2.580258025802580215e-07
2.600260026002599921e-07
2.620262026202620157e-07
2.640264026402639863e-07
2.660266026602660099e-07
2.680268026802680334e-07
2.700270027002700041e-07
2.720272027202720276e-07
2.740274027402739982e-07
2.760276027602760218e-07
2.780278027802779924e-07
2.800280028002800160e-07
2.820282028202819866e-07
2.840284028402840102e-07
2.860286028602860337e-07
2.880288028802880043e-07
2.900290029002900279e-07
2.920292029202919985e-07
2.940294029402940221e-07
2.960296029602959927e-07
2.980298029802980162e-07
3.000300030002999869e-07
3.020302030203020104e-07
3.040304030403040340e-07
3.060306030603060046e-07
3.080308030803080282e-07
3.100310031003099988e-07
3.120312031203120223e-07
3.140314031403139930e-07
3.160316031603160165e-07
3.180318031803180401e-07
3.200320032003200107e-07
3.220322032203220343e-07
3.240324032403240049e-07
3.260326032603260284e-07
3.280328032803279991e-07
3.300330033003300226e-07
3.320332033203319932e-07
3.340334033403340168e-07
3.360336033603360403e-07
3.380338033803380110e-07
3.400340034003400345e-07
3.420342034203420051e-07
3.440344034403440287e-07
3.460346034603459993e-07
3.480348034803480229e-07
3.500350035003499935e-07
3.520352035203520171e-07
3.540354035403540406e-07
3.560356035603560112e-07
3.580358035803580348e-07
3.600360036003600054e-07
3.620362036203620290e-07
3.640364036403639996e-07
3.660366036603660232e-07
3.680368036803679938e-07
3.700370037003700173e-07
3.720372037203720409e-07
3.740374037403740115e-07
3.760376037603760351e-07
3.780378037803780057e-07
3.800380038003800292e-07
3.820382038203819999e-07
3.840384038403840234e-07
3.860386038603859940e-07
3.880388038803880176e-07
3.900390039003900412e-07
3.920392039203920118e-07
3.940394039403940353e-07
3.960396039603960060e-07
3.980398039803980295e-07
4.000400040004000001e-07
4.020402040204020237e-07
4.040404040404039943e-07
4.060406040604060179e-07
4.080408040804080414e-07
4.100410041004100121e-07
4.120412041204120356e-07
4.140414041404140062e-07
4.160416041604160298e-07
4.180418041804180004e-07
4.200420042004200240e-07
4.220422042204219946e-07
4.240424042404240181e-07
4.260426042604260417e-07
4.280428042804280123e-07
4.300430043004300359e-07
4.320432043204320065e-07
4.340434043404340301e-07
4.360436043604360007e-07
4.380438043804380242e-07
4.400440044004399949e-07
4.420442044204420184e-07
4.440444044404440420e-07
4.460446044604460126e-07
4.480448044804480362e-07
4.500450045004500068e-07
4.520452045204520303e-07
4.540454045404540009e-07
4.560456045604560245e-07
4.580458045804579951e-07
4.600460046004600187e-07
4.620462046204620422e-07
4.640464046404640129e-07
4.660466046604660364e-07
4.680468046804680070e-07
4.700470047004700306e-07
4.720472047204720012e-07
4.740474047404740248e-07
4.760476047604759954e-07
4.780478047804780719e-07
4.800480048004800425e-07
4.820482048204820131e-07
4.840484048404839838e-07
4.860486048604860603e-07
4.880488048804880309e-07
4.900490049004900015e-07
4.920492049204919721e-07
4.940494049404940486e-07
4.960496049604960192e-07
4.980498049804979898e-07
5.000500050005000663e-07
5.020502050205020370e-07
5.040504050405040076e-07
5.060506050605059782e-07
5.080508050805080547e-07
5.100510051005100253e-07
5.120512051205119959e-07
5.140514051405140724e-07
5.160516051605160431e-07
5.180518051805180137e-07
5.200520052005199843e-07
5.220522052205220608e-07
5.240524052405240314e-07
5.260526052605260020e-07
5.280528052805279727e-07
5.300530053005300491e-07
5.320532053205320198e-07
5.340534053405339904e-07
5.360536053605360669e-07
5.380538053805380375e-07
5.400540054005400081e-07
5.420542054205419787e-07
5.440544054405440552e-07
5.460546054605460259e-07
5.480548054805479965e-07
5.500550055005500730e-07
5.520552055205520436e-07
5.540554055405540142e-07
5.560556055605559848e-07
5.580558055805580613e-07
5.600560056005600320e-07
5.620562056205620026e-07
5.640564056405639732e-07
5.660566056605660497e-07
5.680568056805680203e-07
5.700570057005699909e-07
5.720572057205720674e-07
5.740574057405740380e-07
5.760576057605760087e-07
5.780578057805779793e-07
5.800580058005800558e-07
5.820582058205820264e-07
5.840584058405839970e-07
5.860586058605860735e-07
5.880588058805880441e-07
5.900590059005900148e-07
5.920592059205919854e-07
5.940594059405940619e-07
5.960596059605960325e-07
5.980598059805980031e-07
6.000600060005999737e-07
6.020602060206020502e-07
6.040604060406040209e-07
6.060606060606059915e-07
6.080608060806080680e-07
6.100610061006100386e-07
6.120612061206120092e-07
6.140614061406139798e-07
6.160616061606160563e-07
6.180618061806180269e-07
6.200620062006199976e-07
6.220622062206220741e-07
6.240624062406240447e-07
6.260626062606260153e-07
6.280628062806279859e-07
6.300630063006300624e-07
6.320632063206320330e-07
6.340634063406340037e-07
6.360636063606360802e-07
6.380638063806380508e-07
6.400640064006400214e-07
6.420642064206419920e-07
6.440644064406440685e-07
6.460646064606460391e-07
6.480648064806480097e-07
6.500650065006499804e-07
6.520652065206520569e-07
6.540654065406540275e-07
6.560656065606559981e-07
6.580658065806580746e-07
6.600660066006600452e-07
6.620662066206620158e-07
6.640664066406639865e-07
6.660666066606660630e-07
6.680668066806680336e-07
6.700670067006700042e-07
6.720672067206720807e-07
6.740674067406740513e-07
6.760676067606760219e-07
6.780678067806779926e-07
6.800680068006800691e-07
6.820682068206820397e-07
6.840684068406840103e-07
6.860686068606859809e-07
6.880688068806880574e-07
6.900690069006900280e-07
6.920692069206919986e-07
6.940694069406940751e-07
6.960696069606960458e-07
6.980698069806980164e-07
7.000700070006999870e-07
7.020702070207020635e-07
7.040704070407040341e-07
7.060706070607060047e-07
7.080708070807080812e-07
7.100710071007100519e-07
7.120712071207120225e-07
7.140714071407139931e-07
7.160716071607160696e-07
7.180718071807180402e-07
7.200720072007200108e-07
7.220722072207219815e-07
7.240724072407240579e-07
7.260726072607260286e-07
7.280728072807279992e-07
7.300730073007300757e-07
7.320732073207320463e-07
7.340734073407340169e-07
7.360736073607359875e-07
7.380738073807380640e-07
7.400740074007400347e-07
7.420742074207420053e-07
7.440744074407440818e-07
7.460746074607460524e-07
7.480748074807480230e-07
7.500750075007499936e-07
7.520752075207520701e-07
7.540754075407540408e-07
7.560756075607560114e-07
7.580758075807579820e-07
7.600760076007600585e-07
7.620762076207620291e-07
7.640764076407639997e-07
7.660766076607660762e-07
7.680768076807680468e-07
7.700770077007700175e-07
7.720772077207719881e-07
7.740774077407740646e-07
7.760776077607760352e-07
7.780778077807780058e-07
7.800780078007800823e-07
7.820782078207820529e-07
7.840784078407840236e-07
7.860786078607859942e-07
7.880788078807880707e-07
7.900790079007900413e-07
7.920792079207920119e-07
7.940794079407939825e-07
7.960796079607960590e-07
7.980798079807980297e-07
8.000800080008000003e-07
8.020802080208020768e-07
8.040804080408040474e-07
8.060806080608060180e-07
8.080808080808079886e-07
8.100810081008100651e-07
8.120812081208120357e-07
8.140814081408140064e-07
8.160816081608160829e-07
8.180818081808180535e-07
8.200820082008200241e-07
8.220822082208219947e-07
8.240824082408240712e-07
8.260826082608260418e-07
8.280828082808280125e-07
8.300830083008300890e-07
8.320832083208320596e-07
8.340834083408340302e-07
8.360836083608360008e-07
8.380838083808380773e-07
8.400840084008400479e-07
8.420842084208420186e-07
8.440844084408439892e-07
8.460846084608460657e-07
8.480848084808480363e-07
8.500850085008500069e-07
8.520852085208520834e-07
8.540854085408540540e-07
8.560856085608560246e-07
8.580858085808579953e-07
8.600860086008600718e-07
8.620862086208620424e-07
8.640864086408640130e-07
8.660866086608660895e-07
8.680868086808680601e-07
8.700870087008700307e-07
8.720872087208720014e-07
8.740874087408740779e-07
8.760876087608760485e-07
8.780878087808780191e-07
8.800880088008799897e-07
8.820882088208820662e-07
8.840884088408840368e-07
8.860886088608860074e-07
8.880888088808880839e-07
8.900890089008900546e-07
8.920892089208920252e-07
8.940894089408939958e-07
8.960896089608960723e-07
8.980898089808980429e-07
9.000900090009000135e-07
9.020902090209020900e-07
9.040904090409040607e-07
9.060906090609060313e-07
9.080908090809080019e-07
9.100910091009100784e-07
9.120912091209120490e-07
9.140914091409140196e-07
9.160916091609159903e-07
9.180918091809180668e-07
9.200920092009200374e-07
9.220922092209220080e-07
9.240924092409240845e-07
9.260926092609260551e-07
9.280928092809280257e-07
9.300930093009299963e-07
9.320932093209320728e-07
9.340934093409340435e-07
9.360936093609360141e-07
9.380938093809380906e-07
9.400940094009400612e-07
9.420942094209420318e-07
9.440944094409440024e-07
9.460946094609460789e-07
9.480948094809480496e-07
9.500950095009500202e-07
9.520952095209519908e-07
9.540954095409540673e-07
9.560956095609561438e-07
9.580958095809580085e-07
9.600960096009600850e-07
9.620962096209619498e-07
9.640964096409640263e-07
9.660966096609661028e-07
9.680968096809679675e-07
9.700970097009700440e-07
9.720972097209721205e-07
9.740974097409739852e-07
9.760976097609760617e-07
9.780978097809781382e-07
9.800980098009800030e-07
9.820982098209820795e-07
9.840984098409839442e-07
9.860986098609860207e-07
9.880988098809880972e-07
9.900990099009899620e-07
9.920992099209920385e-07
9.940994099409941150e-07
9.960996099609959797e-07
9.980998099809980562e-07
